0200:0304,0342,0330,0334,0342,0330,0334,0342,0330,0334,0342,0330,0334
0201:0342,0330,
0202:0304,0313,0350,0335,0336,0336,0342,0333,0342,0333,0342,0333,0342,0333,0334,0304,0337,0337,
0203:0344,0330
0204:0362,0203,0334,0203,0334,0203,0334,0203,0334,0363
0205:0362,0203,0335,0203,0203,0335,0203,0335,0203,0203,0335,0363,0336,0330,0333,0336,0331,0332,0337,0365,0336,0332,0331,0337,0337,
0206:0336,0332,0337,0362,0203,0334,0336,0203,0335,0350,0335,0337,0310,0337,0203,0335,0335,0203,0335,0304,0335,0336,0313,0336,0203,0334,0337,0203,0363,0335,0335,0336,0332,0337,
0277:0310,0311,0312,0313,0314,0304,0305,0306,0340,0341,0342,0343,0366,0367,0200,0350,0351,0352,0353,0201,0362,0203,0364,0320,0321,0322,0323,0324,0325,0326,0327,0365
01200:0333,0200,0336,0336,0330,0332,0337,0200,0336,0331,0333,0337,0337
01201:0304,0313,0333,0200,0336,0336,0330,0330,0332,0332,0332,0335,0336,0337,0337,0342,0330,0335,0350,0335,0336,0336,0342,0335,0335,0342,0335,0304,0337,0331,0331,0333,0337,0337
01202:0202,0200,
01203:0304,0313,0202,0332,0333,0200,0336,0336,0330,0330,0332,0332,0332,0335,0336,0337,0337,0342,0330,0335,0350,0335,0336,0336,0342,0335,0335,0342,0335,0304,0337,0331,0331,0333,0337,0337,
01204:0202,0200,0336,0336,0330,0332,0337,0200,0336,0331,0333,0337,0337,
01205:0202,0200,0336,0336,0330,0332,0332,0332,0330,0205,0331,0331,0332,0337,0337,0333,
01206:0202,0200,0336,0332,0206,0333,0337,